2515	0	0.0345394
2516	0.0345382	0.0345673
2517	0.069107	0.0346026
2518	0.1037063	0.034624
2519	0.1383285	0.0346841
2520	0.1730194	0.0346999
2521	0.2077178	0.0347091
2522	0.242424	0.0347154
2523	0.2771377	0.0347263
2524	0.3118667	0.0347336
2525	0.3466033	0.0347888
2526	0.3813858	0.0347995
2527	0.4161911	0.0348792
2528	0.451065	0.0349119
2529	0.4859771	0.034997
2530	0.5209732	0.0350693
2531	0.5560455	0.0351616
2532	0.5912094	0.0352707
2533	0.6264801	0.035372
2534	0.6618499	0.0352814
2535	0.6971282	0.0350743
2536	0.7322082	0.0351292
2537	0.7673339	0.0347771
2538	0.8021087	0.0347053
2539	0.8368148	0.0346144
2540	0.8714294	0.034421
2541	0.9058532	0.0345178
2542	0.9403686	0.034279
2543	0.9746475	0.0342978
2544	1.0089492	0.0342791
2545	1.0432281	0.0342242
2546	1.0774536	0.0344209
2547	1.1118698	0.0343002
2548	1.1461715	0.0344571
2549	1.1806259	0.0344157
2550	1.2150421	0.0344743
2551	1.2495193	0.0346822
2552	1.2842025	0.0346693
2553	1.3188705	0.0348103
2554	1.3536834	0.0346315
2555	1.3883132	0.0345572
2556	1.4228668	0.034457
2557	1.4573288	0.0342501
2558	1.4915771	0.0342341
2559	1.5258102	0.0341609
2560	1.5599746	0.0340754
2561	1.5940475	0.0341895
2562	1.6282348	0.0341202
2563	1.6623535	0.0342175
2564	1.6965713	0.0343545
2565	1.7309265	0.0344378
2566	1.7653656	0.0345655
2567	1.7999343	0.0345076
2568	1.8344421	0.0345787
2569	1.8690185	0.0345902
2570	1.9036102	0.0347474
2571	1.9383544	0.0348708
2572	1.9732284	0.0349143
2573	2.0081405	0.0352412
2574	2.0433807	0.0349559
2575	2.0783386	0.0349947
2576	2.1133346	0.0350722
2577	2.1484069	0.035015
2578	2.1834182	0.0352955
2579	2.2187118	0.0352986
2580	2.254013	0.0355402
2581	2.2895507	0.0358375
2582	2.3253936	0.0358471
2583	2.3612365	0.0359721
2584	2.3972091	0.0360154
2585	2.4332275	0.0360741
2586	2.4692993	0.036066
2587	2.5053634	0.0360887
2588	2.5414581	0.0361435
2589	2.5775985	0.0361358
2590	2.6137313	0.0361114
2591	2.6498489	0.0361146
2592	2.6859588	0.0360774
2593	2.7220382	0.0360774
2594	2.7581176	0.0360666
2595	2.7941818	0.0360612
2596	2.8302459	0.0360796
2597	2.8663253	0.0360664
2598	2.9023895	0.0360831
2599	2.9384689	0.0360888
2600	2.9745636	0.0360695
2601	3.0106277	0.0360864
2602	3.0467147	0.0360939
2603	3.0828094	0.0360341
2604	3.118843	0.0359408
2605	3.1547851	0.0358857
2606	3.1906738	0.03583
2607	3.2265014	0.0357791
2608	3.2622833	0.0357574
2609	3.2980346	0.0357111
2610	3.3337478	0.0357067
2611	3.3694534	0.0356778
2612	3.4051361	0.0356753
2613	3.4408111	0.035675
2614	3.4764862	0.0356749
2615	3.5121612	0.0356982
2616	3.5478591	0.0357013
2617	3.5835571	0.0357332
2618	3.6192932	0.0357505
2619	3.6550445	0.035783
2620	3.6908264	0.0358187
2621	3.7266464	0.0358534
2622	3.7624969	0.0358413
2623	3.7983398	0.035832
2624	3.8341674	0.0358492
2625	3.870018	0.0358351
2626	3.9058532	0.0358251
2627	3.9416809	0.0357724
2628	3.9774551	0.0357454
2629	4.0131988	0.0357276
2630	4.0489273	0.0356882
2631	4.0846099	0.0357024
2632	4.1203155	0.0356522
2633	4.1559677	0.035658
2634	4.1916275	0.0356361
2635	4.2272644	0.0356271
2636	4.262886	0.035639
2637	4.2985305	0.0356169
2638	4.3341445	0.0356438
2639	4.3697891	0.035627
2640	4.4054184	0.0356373
2641	4.4410553	0.0356569
2642	4.4767074	0.035653
2643	4.5123596	0.0356919
2644	4.5480575	0.035691
2645	4.5837478	0.0356998
2646	4.6194458	0.0357295
2647	4.6551742	0.0357177
2648	4.690895	0.0357653
2649	4.726654	0.0357672
2650	4.7624282	0.035796
2651	4.7982177	0.0358487
2652	4.8340683	0.0358625
2653	4.869934	0.0359382
2654	4.9058685	0.0359242
2655	4.9417953	0.0359324
2656	4.9777298	0.0359183
2657	5.0136489	0.0359386
2658	5.0495834	0.0359332
2659	5.0855178	0.0359435
2660	5.1214599	0.0358677
2661	5.1573257	0.0357469
2662	5.193077	0.0357163
2663	5.2287902	0.0356168
2664	5.2644119	0.0356015
2665	5.3000106	0.0355469
2666	5.335556	0.03554
2667	5.3710937	0.0355302
2668	5.4066238	0.0355256
2669	5.4421539	0.0355587
2670	5.4777145	0.0355517
2671	5.5132598	0.0355559
2672	5.5488204	0.035485
2673	5.5843048	0.0354241
2674	5.619728	0.035342
2675	5.6550674	0.0353454
2676	5.6904144	0.0352539
2677	5.7256698	0.0352388
2678	5.76091	0.0352149
2679	5.7961196	0.0351805
2680	5.8313064	0.0352185
2681	5.8665237	0.0351655
2682	5.9016876	0.0351835
2683	5.9368743	0.0351882
2684	5.9720611	0.035182
2685	6.0072402	0.0352433
2686	6.0424881	0.0352143
2687	6.0776977	0.0352514
2688	6.1129531	0.035276
2689	6.1482238	0.0352866
2690	6.1835098	0.0352902
2691	6.2188034	0.0352696
2692	6.2540741	0.0352398
2693	6.2893142	0.0351869
2694	6.324501	0.0351688
2695	6.3596649	0.0351155
2696	6.394783	0.0350981
2697	6.4298782	0.0350584
2698	6.4649429	0.0350397
2699	6.4999771	0.0350149
2700	6.534996	0.0349955
2701	6.569992	0.0349844
2702	6.6049728	0.0349648
2703	6.6399383	0.0349669
2704	6.6749038	0.0349475
2705	6.7098541	0.03496
2706	6.744812	0.0349433
2707	6.7797546	0.0349556
2708	6.8147125	0.0349524
2709	6.8496627	0.034965
2710	6.8846282	0.034975
2711	6.9196014	0.0349882
2712	6.9545898	0.0350113
2713	6.9896011	0.0350256
2714	7.0246276	0.0350617
2715	7.0596923	0.0350775
2716	7.0947723	0.035123
2717	7.1298904	0.0351444
2718	7.165039	0.0351908
2719	7.2002258	0.0352068
2720	7.2354354	0.0352145
2721	7.2706451	0.0352281
2722	7.3058776	0.0352349
2723	7.3411102	0.0352636
2724	7.3763732	0.0352752
2725	7.4116516	0.0352994
2726	7.4469528	0.0353041
2727	7.482254	0.0353251
2728	7.5175781	0.0353382
2729	7.5529174	0.0353635
2730	7.5882797	0.0353798
2731	7.6236572	0.0353974
2732	7.6590576	0.0354163
2733	7.6944732	0.0354405
2734	7.7299118	0.035428
2735	7.7653427	0.0353579
2736	7.8006973	0.0353442
2737	7.8360443	0.035307
2738	7.8713531	0.0353391
2739	7.9066925	0.0353472
2740	7.9420394	0.0353817
2741	7.9774169	0.0353141
2742	8.0127334	0.0352208
2743	8.0479583	0.0352268
2744	8.0831832	0.0351329
2745	8.1183166	0.0351559
2746	8.1534729	0.0351079
2747	8.1885757	0.0350487
2748	8.2236251	0.0350565
2749	8.2586822	0.0349961
2750	8.2936782	0.035022
2751	8.3287048	0.0349969
2752	8.3637008	0.034992
2753	8.3986892	0.0349891
2754	8.4336776	0.0349829
2755	8.468666	0.0350009
2756	8.5036621	0.0349985
2757	8.5386581	0.0350155
2758	8.573677	0.0350392
2759	8.6087188	0.0350566
2760	8.6437759	0.0350985
2761	8.6788711	0.035125
2762	8.7139968	0.0351685
2763	8.7491684	0.0351911
2764	8.7843551	0.0351596
2765	8.819519	0.035166
2766	8.8546829	0.0351138
2767	8.8897934	0.0351274
2768	8.9249191	0.0350899
2769	8.9600143	0.0350792
2770	8.9950943	0.0350868
2771	9.0301818	0.0350535
2772	9.0652313	0.0350819
2773	9.1003112	0.0350498
2774	9.1353607	0.0350523
2775	9.1704177	0.0350394
2776	9.2054519	0.0350114
2777	9.2404708	0.0349825
2778	9.2754516	0.0349677
2779	9.3104171	0.0349394
2780	9.3453598	0.0349372
2781	9.3802948	0.0349095
2782	9.4152069	0.0349174
2783	9.450119	0.0348924
2784	9.4850158	0.0349008
2785	9.5199127	0.0348883
2786	9.5548019	0.0348973
2787	9.5896987	0.0348974
2788	9.6245956	0.0349074
2789	9.6595077	0.0349206
2790	9.6944274	0.0349321
2791	9.7293548	0.0349588
2792	9.7643203	0.0349726
2793	9.7992858	0.0350134
2794	9.8343048	0.0350304
2795	9.8693313	0.0350861
2796	9.9044189	0.0351072
2797	9.9395294	0.0351722
2798	9.9747009	0.0352052
2799	10.0099029	0.0352757
2800	10.0451812	0.0353262
2801	10.0805053	0.0354032
2802	10.1159057	0.0354408
2803	10.1513519	0.0354449
2804	10.1867904	0.0354275
2805	10.2222213	0.0353562
2806	10.2575759	0.0353088
2807	10.2928848	0.035309
2808	10.3281936	0.0352339
2809	10.3634262	0.0352406
2810	10.3986663	0.0351997
2811	10.4338684	0.0351734
2812	10.4690399	0.0352025
2813	10.5042419	0.0351466
2814	10.5393905	0.035164
2815	10.5745544	0.0351567
2816	10.6097106	0.0351396
2817	10.6448516	0.0351956
2818	10.680046	0.035153
2819	10.7152023	0.0350638
2820	10.750267	0.0349618
2821	10.7852249	0.0348274
2822	10.8200531	0.0347058
2823	10.8547592	0.0346373
2824	10.8893966	0.0345114
2825	10.923912	0.0344691
2826	10.958374	0.0343623
2827	10.9927368	0.0343078
2828	11.0270462	0.0342471
2829	11.0612945	0.0341907
2830	11.0954818	0.034159
2831	11.1296463	0.0341058
2832	11.1637496	0.0340957
2833	11.1978454	0.0340458
2834	11.2318954	0.0340374
2835	11.2659225	0.0340078
2836	11.2999343	0.033998
2837	11.3339309	0.0339915
2838	11.3679275	0.0339776
2839	11.4019012	0.0339567
2840	11.4358673	0.0338784
2841	11.4697341	0.0338282
2842	11.5035629	0.0337222
2843	11.5372924	0.033688
2844	11.5709762	0.0336226
2845	11.6046066	0.0335582
2846	11.638153	0.0335664
2847	11.6717224	0.033483
2848	11.7052078	0.0334573
2849	11.7386627	0.0334507
2850	11.7721176	0.0334017
2851	11.8055114	0.0334137
2852	11.8389358	0.0333888
2853	11.872322	0.0333728
2854	11.905693	0.0334085
2855	11.9391021	0.0333754
2856	11.9724731	0.0333917
2857	12.005867	0.0334115
2858	12.0392837	0.0334057
2859	12.0726852	0.0334572
2860	12.1061477	0.0334554
2861	12.139595	0.0334781
2862	12.1730728	0.0335322
2863	12.206604	0.0335385
2864	12.2401428	0.0335948
2865	12.2737426	0.0336295
2866	12.307373	0.033662
2867	12.3410339	0.0337436
2868	12.3747711	0.0337655
2869	12.4085464	0.0338287
2870	12.4423751	0.0338972
2871	12.4762649	0.033941
2872	12.5102081	0.0340418
2873	12.5442581	0.0340891
2874	12.5783462	0.0341579
2875	12.6124954	0.034266
2876	12.6467666	0.0343193
2877	12.6810836	0.0344228
2878	12.7155075	0.0345191
2879	12.7500228	0.0345933
2880	12.7846145	0.034751
2881	12.8193664	0.0348146
2882	12.854187	0.0349266
2883	12.8891143	0.0349989
2884	12.9241027	0.0349963
2885	12.9591064	0.0350378
2886	12.9941482	0.0350627
2887	13.0292053	0.0350778
2888	13.0642852	0.0351481
2889	13.0994339	0.0351467
2890	13.1345748	0.0351895
2891	13.1697616	0.0352467
2892	13.205017	0.0352667
2893	13.2402877	0.0353444
2894	13.2756271	0.0353825
2895	13.3110046	0.0354392
2896	13.3464431	0.0355393
2897	13.3819808	0.0355813
2898	13.4175643	0.0356778
2899	13.453247	0.0357738
2900	13.4890213	0.0358597
2901	13.524887	0.0359913
2902	13.5608749	0.0361026
2903	13.5969772	0.0362264
2904	13.6332016	0.0363875
2905	13.6695861	0.0365014
2906	13.7060852	0.0365305
2907	13.7426223	0.0366073
2908	13.7792282	0.0365874
2909	13.8158111	0.0365925
2910	13.8524017	0.03661
2911	13.8890152	0.0366012
2912	13.9256134	0.0366199
2913	13.9622345	0.0366145
2914	13.9988555	0.0366144
2915	14.0354614	0.0366145
2916	14.0720825	0.0366258
2917	14.1087036	0.0365306
2918	14.1452331	0.0364705
2919	14.1817016	0.0363847
2920	14.2180938	0.0362793
2921	14.2543716	0.0363005
2922	14.2906723	0.036166
2923	14.3268356	0.036094
2924	14.3629379	0.0360518
2925	14.3989868	0.0358788
2926	14.4348678	0.0359026
2927	14.4707641	0.0357665
2928	14.5065383	0.0357499
2929	14.5422821	0.0357588
2930	14.578041	0.0357116
2931	14.6137542	0.0358573
2932	14.6496124	0.0357895
2933	14.6854019	0.0358291
2934	14.7212219	0.0359312
2935	14.757164	0.0358669
2936	14.7930221	0.0360151
2937	14.8290481	0.0359643
2938	14.8650054	0.0361064
2939	14.9011154	0.0359028
2940	14.9370117	0.0359388
2941	14.9729538	0.0360335
2942	15.0089874	0.0358157
2943	15.0448074	0.0357575
2944	15.0805664	0.035846
2945	15.1164016	0.0356527
2946	15.1520614	0.035742
2947	15.1878051	0.0357736
2948	15.2235717	0.0357011
2949	15.2592773	0.0357997
2950	15.2950744	0.035742
2951	15.3308181	0.0357438
2952	15.3665618	0.0358915
2953	15.4024581	0.0358297
2954	15.4382858	0.0356452
2955	15.4739227	0.0356629
2956	15.5095977	0.0355867
2957	15.5451736	0.0354973
2958	15.5806732	0.0356958
2959	15.6163711	0.0355273
2960	15.6518936	0.0357394
2961	15.6876373	0.0357391
2962	15.7233734	0.0359126
2963	15.7592849	0.0361186
2964	15.7954025	0.0362708
2965	15.8316726	0.0365584
2966	15.8682327	0.0366105
2967	15.9048461	0.0366843
2968	15.9415359	0.0367203
2969	15.9782562	0.0366994
2970	16.0149536	0.0369057
2971	16.0518569	0.0368869
2972	16.0887451	0.0369679
2973	16.1257171	0.0368032
2974	16.1625137	0.0368392
2975	16.199356	0.0368747
2976	16.2362213	0.0368575
2977	16.2730865	0.0368113
2978	16.3098983	0.0368016
2979	16.3466949	0.0367698
2980	16.383461	0.036791
2981	16.4202652	0.036775
2982	16.4570312	0.0368171
2983	16.4938583	0.0368185
2984	16.5306777	0.0367782
2985	16.5674438	0.0366806
2986	16.6041259	0.0366432
2987	16.6407775	0.0365664
2988	16.6773376	0.0365339
2989	16.7138748	0.0364945
2990	16.7503662	0.0364662
2991	16.7868347	0.036461
2992	16.8232955	0.0364369
2993	16.8597335	0.0364617
2994	16.8961944	0.0364419
2995	16.9326324	0.0364726
2996	16.9691009	0.0364771
2997	17.0055847	0.0365087
2998	17.0420913	0.0365379
2999	17.0786361	0.036571
3000	17.1152038	0.0366201
3001	17.1518249	0.0366553
3002	17.1884765	0.0366932
3003	17.2251739	0.0366518
3004	17.2618255	0.0366256
3005	17.2984466	0.0365755
3006	17.3350219	0.0365622
3007	17.371582	0.036522
3008	17.4081039	0.0365093
3009	17.4446182	0.0364914
3010	17.4811019	0.0364772
3011	17.5175857	0.0364832
3012	17.5540618	0.0364666
3013	17.590538	0.0364963
3014	17.627037	0.0364769
3015	17.6635055	0.0364988
3016	17.7000045	0.0364685
3017	17.736473	0.0364672
3018	17.7729415	0.0364398
3019	17.8093872	0.0364407
3020	17.8458251	0.0364196
3021	17.8822479	0.0364203
3022	17.918663	0.0364082
3023	17.9550781	0.0364108
3024	17.9914855	0.0364059
3025	18.0278854	0.0364134
3026	18.0643081	0.0364131
3027	18.1007156	0.0364281
3028	18.137146	0.0364299
3029	18.1735763	0.0364423
3030	18.2100143	0.0364566
3031	18.2464752	0.0364653
3032	18.2829361	0.0364904
3033	18.3194274	0.0364989
3034	18.3559265	0.0365246
3035	18.392456	0.0365449
3036	18.4289932	0.0365744
3037	18.4655761	0.0366052
3038	18.5021743	0.0366412
3039	18.5388183	0.0366811
3040	18.5754928	0.0367183
3041	18.6122131	0.0367385
3042	18.6489563	0.0367724
3043	18.6857223	0.036798
3044	18.7225265	0.0368388
3045	18.7593612	0.0368536
3046	18.7962112	0.0368509
3047	18.8330612	0.0368276
3048	18.8698959	0.0367923
3049	18.9066848	0.0367573
3050	18.9434433	0.0367252
3051	18.9801712	0.0366994
3052	19.0168762	0.03667
3053	19.053543	0.0366542
3054	19.0901947	0.0366272
3055	19.1268234	0.0366177
3056	19.1634445	0.0365972
3057	19.200035	0.0365898
3058	19.2366256	0.0365803
3059	19.2732009	0.0365747
3060	19.3097839	0.0365503
3061	19.3463363	0.0365516
3062	19.3828811	0.0365338
3063	19.4194183	0.0365262
3064	19.4559478	0.0365226
3065	19.4924621	0.0365166
3066	19.528984	0.0365098
3067	19.5654983	0.0365213
3068	19.6020126	0.0365136
3069	19.6385269	0.0365311
3070	19.6750564	0.0365325
3071	19.7115936	0.0365424
3072	19.7481384	0.0365456
3073	19.7846756	0.0365462
3074	19.821228	0.0365522
3075	19.8577728	0.0365574
3076	19.8943328	0.0365349
3077	19.9308776	0.036527
3078	19.9673919	0.0365048
3079	20.0039062	0.0365068
3080	20.0404052	0.0364861
3081	20.0768966	0.0364877
3082	20.113388	0.0364797
3083	20.1498642	0.0364778
3084	20.1863479	0.0364863
3085	20.2228241	0.0364877
3086	20.2593154	0.0365068
3087	20.2958221	0.0365088
3088	20.3323211	0.0365276
3089	20.3688583	0.036473
3090	20.4053344	0.0364815
3091	20.4418182	0.0364548
3092	20.4782638	0.0364604
3093	20.5147247	0.0364597
3094	20.5511856	0.0364626
3095	20.5876464	0.0364866
3096	20.6241378	0.0364866
3097	20.6606216	0.0365347
3098	20.6971511	0.0365314
3099	20.7336883	0.0365979
3100	20.7702865	0.0365959
3101	20.8068847	0.0366083
3102	20.8434982	0.0365956
3103	20.8800811	0.0365808
3104	20.9166641	0.0365675
3105	20.9532318	0.0365541
3106	20.9897842	0.0365437
3107	21.0263366	0.036532
3108	21.0628662	0.0365029
3109	21.0993652	0.0365023
3110	21.1358642	0.036472
3111	21.172348	0.0364819
3112	21.2088241	0.0364579
3113	21.245285	0.0364688
3114	21.2817535	0.0364596
3115	21.3182067	0.0364722
3116	21.3546829	0.0364204
3117	21.3911056	0.0363851
3118	21.4274826	0.0363229
3119	21.4638137	0.0362963
3120	21.5001068	0.0362513
3121	21.536354	0.0362226
3122	21.572586	0.0362035
3123	21.6087875	0.0361736
3124	21.6449508	0.0361773
3125	21.681137	0.0361473
3126	21.7172851	0.0361487
3127	21.7534332	0.0361418
3128	21.7895736	0.0361414
3129	21.8257141	0.036155
3130	21.8618621	0.0361543
3131	21.8980255	0.0361832
3132	21.9342041	0.0361856
3133	21.9703979	0.0362124
3134	22.006607	0.0361639
3135	22.0427627	0.0360894
3136	22.0788574	0.0360347
3137	22.114891	0.0359755
3138	22.1508636	0.0359216
3139	22.1867828	0.0358828
3140	22.2226715	0.0358288
3141	22.2585067	0.0357966
3142	22.2942962	0.0357557
3143	22.3300552	0.035722
3144	22.365776	0.0357013
3145	22.401474	0.035666
3146	22.4371414	0.035656
3147	22.4727935	0.0356276
3148	22.5084228	0.0356152
3149	22.5440444	0.0356055
3150	22.5796432	0.0355912
3151	22.6152343	0.0355983
3152	22.6508331	0.0355831
3153	22.6864166	0.0355953
3154	22.7220153	0.0355893
3155	22.7576065	0.0356001
3156	22.7932052	0.0356085
3157	22.8288116	0.0356193
3158	22.8644332	0.0356388
3159	22.9000778	0.0356515
3160	22.9357223	0.0356786
3161	22.971405	0.0356949
3162	23.0070953	0.0357262
3163	23.0428237	0.0357481
3164	23.0785751	0.0357802
3165	23.1143569	0.0358093
3166	23.1501541	0.0358396
3167	23.185997	0.0358772
3168	23.221878	0.0359037
3169	23.2577819	0.0359377
3170	23.2937164	0.035957
3171	23.3296737	0.0359458
3172	23.3656234	0.0358741
3173	23.4014968	0.0358396
3174	23.4373321	0.035826
3175	23.4731674	0.0357687
3176	23.5089263	0.0357628
3177	23.5446929	0.0357316
3178	23.5804214	0.0356999
3179	23.616127	0.0357224
3180	23.6518478	0.0356705
3181	23.6875152	0.0356642
3182	23.7231826	0.0356737
3183	23.7588577	0.0356403
3184	23.7944946	0.035661
3185	23.8301544	0.0356503
3186	23.8658065	0.0356408
3187	23.9014434	0.0356916
3188	23.9371337	0.0356567
3189	23.9727935	0.0356741
3190	24.008461	0.0357084
3191	24.0441741	0.0356952
3192	24.0798721	0.0357445
3193	24.1156158	0.0357555
3194	24.1513748	0.0357705
3195	24.1871414	0.0358546
3196	24.2229919	0.0358395
3197	24.2588348	0.0358651
3198	24.2947082	0.0358668
3199	24.3305664	0.0358069
3200	24.3663711	0.0357967
3201	24.4021759	0.0357839
3202	24.4379577	0.035742
3203	24.4736938	0.0357071
3204	24.509407	0.0356918
3205	24.5450973	0.0356483
3206	24.5807418	0.0356486
3207	24.616394	0.0356105
3208	24.652008	0.0356018
3209	24.6876068	0.0355915
3210	24.7231979	0.0355739
3211	24.7587738	0.0355706
3212	24.794342	0.0355491
3213	24.829895	0.0355418
3214	24.8654327	0.0355225
3215	24.9009552	0.0355274
3216	24.9364852	0.0355099
3217	24.9719924	0.0354876
3218	25.0074844	0.035461
3219	25.0429458	0.0354483
3220	25.078392	0.0354303
3221	25.1138229	0.0354248
3222	25.1492462	0.0354193
3223	25.1846618	0.0354185
3224	25.2200851	0.035427
3225	25.255516	0.0354285
3226	25.2909317	0.0354443
3227	25.3263855	0.0354539
3228	25.3618316	0.0354706
3229	25.3973083	0.0354937
3230	25.4328079	0.0355097
3231	25.4683151	0.03554
3232	25.5038528	0.0355605
3233	25.5394134	0.0355891
3234	25.5750045	0.0356221
3235	25.6106262	0.035648
3236	25.6462783	0.0356726
3237	25.6819458	0.0356952
3238	25.7176361	0.035694
3239	25.753334	0.03567
3240	25.7890014	0.0356549
3241	25.8246536	0.035569
3242	25.8602218	0.0355353
3243	25.8957672	0.0354978
3244	25.9312515	0.0354422
3245	25.9667053	0.0353896
3246	26.002098	0.0352462
3247	26.0373382	0.0350257
3248	26.0723648	0.0349668
3249	26.1073226	0.0347486
3250	26.1420745	0.0347269
3251	26.1768035	0.03454
3252	26.2113418	0.0345043
3253	26.2458419	0.0343992
3254	26.2802429	0.0343375
3255	26.3145828	0.0343212
3256	26.3489074	0.0342116
3257	26.3831176	0.0341405
3258	26.4172515	0.0339674
3259	26.4512252	0.0339042
3260	26.4851379	0.033783
3261	26.5189132	0.0337032
3262	26.5526123	0.0336625
3263	26.5862731	0.0335656
3264	26.6198425	0.0335902
3265	26.6534347	0.0335013
3266	26.6869354	0.0335044
3267	26.7204437	0.0335259
3268	26.7539672	0.0335046
3269	26.7874755	0.0332714
3270	26.8207473	0.0333778
3271	26.8541259	0.0335607
3272	26.8876876	0.0338611
3273	26.9215469	0.0338507
3274	26.9553909	0.0336672
3275	26.989067	0.033372
3276	27.022438	0.0333728
3277	27.0558013	0.0334255
3278	27.0892334	0.0331919
3279	27.1224212	0.0330811
3280	27.1555023	0.0329007
3281	27.1884079	0.0328236
3282	27.2212219	0.0326877
3283	27.2539138	0.0326868
3284	27.2866058	0.0325818
3285	27.3191833	0.0326749
3286	27.3518524	0.0325935
3287	27.3844528	0.0325198
3288	27.4169769	0.0322735
3289	27.4492416	0.0318581
3290	27.4811019	0.0317286
3291	27.5128326	0.0314556
3292	27.544281	0.0313054
3293	27.575592	0.0312885
3294	27.6068878	0.0311129
3295	27.6379928	0.0309347
3296	27.6689376	0.0307165
3297	27.699646	0.0304529
3298	27.7300949	0.0303632
3299	27.7604675	0.0301728
3300	27.7906341	0.0300891
3301	27.8207244	0.0300559
3302	27.8507843	0.0299944
3303	27.8807754	0.0300806
3304	27.9108581	0.0300436
3305	27.940895	0.0302348
3306	27.971138	0.0301265
3307	28.0012664	0.0300482
3308	28.0313034	0.0299065
3309	28.0612182	0.0298487
3310	28.0910644	0.0298559
3311	28.1209182	0.0298084
3312	28.1507263	0.0299911
3313	28.1807174	0.0299298
3314	28.2106475	0.0303278
3315	28.2409744	0.030224
3316	28.271202	0.0304079
3317	28.3016052	0.030681
3318	28.332283	0.0306089
3319	28.3628921	0.0308591
3320	28.393753	0.0309711
3321	28.4247283	0.0311148
3322	28.455841	0.0314495
3323	28.487297	0.0314853
3324	28.5187759	0.0319193
3325	28.5506973	0.0319304
3326	28.5826263	0.0322442
3327	28.6148757	0.0324477
3328	28.6473236	0.0326639
3329	28.679985	0.0330531
3330	28.7130355	0.0330888
3331	28.7461242	0.0332893
3332	28.7794113	0.03339
3333	28.8128051	0.0335214
3334	28.8463211	0.0337614
3335	28.8800811	0.0338687
3336	28.9139556	0.0340126
3337	28.9479675	0.034189
3338	28.9821548	0.034377
3339	29.0165329	0.0344517
3340	29.0509872	0.0345546
3341	29.0855484	0.0347755
3342	29.1203155	0.03489
3343	29.1552047	0.0350496
3344	29.1902542	0.0351994
3345	29.2254562	0.0354754
3346	29.2609329	0.0355544
3347	29.2964859	0.0357139
3348	29.3321914	0.0358669
3349	29.3680648	0.036022
3350	29.4040832	0.0363691
3351	29.4404525	0.0363716
3352	29.4768219	0.0365829
3353	29.5134124	0.0366542
3354	29.550064	0.0368166
3355	29.5868835	0.0367959
3356	29.6236724	0.0369089
3357	29.6605835	0.0370651
3358	29.6976547	0.0370644
3359	29.7347183	0.0370383
3360	29.7717514	0.0371671
3361	29.8089218	0.0372028
3362	29.8461227	0.03719
3363	29.883316	0.0371908
3364	29.9205017	0.0371829
3365	29.9576873	0.0371877
3366	29.994873	0.0371843
3367	30.0320663	0.0371928
3368	30.069252	0.0371936
3369	30.1064453	0.0372056
3370	30.1436538	0.0372107
3371	30.1808624	0.0372258
3372	30.2180938	0.0372351
3373	30.2553253	0.0372277
3374	30.2925567	0.0372384
3375	30.3297958	0.0372252
3376	30.367012	0.0372354
3377	30.4042511	0.0372251
3378	30.4414749	0.0372486
3379	30.4787216	0.0372477
3380	30.5159759	0.0372765
3381	30.5532455	0.0372934
3382	30.5905456	0.0373277
3383	30.6278762	0.0373619
3384	30.6652374	0.0374005
3385	30.7026367	0.0374517
3386	30.7400817	0.0374918
3387	30.7775726	0.0374986
3388	30.8150711	0.0375012
3389	30.8525772	0.0375159
3390	30.8900909	0.0375132
3391	30.9276046	0.0374903
3392	30.9650955	0.0374524
3393	31.0025482	0.0374367
3394	31.0399856	0.0374095
3395	31.0773925	0.0374044
3396	31.1147918	0.0373858
3397	31.1521835	0.0373937
3398	31.1895751	0.0373818
3399	31.2269668	0.0374042
3400	31.2643661	0.0373976
3401	31.3017654	0.0374282
3402	31.3391952	0.0374327
3403	31.376625	0.0373988
3404	31.4140243	0.0373644
3405	31.4513855	0.0373173
3406	31.4887008	0.0372875
3407	31.5259933	0.0372444
3408	31.5632324	0.0372201
3409	31.6004562	0.0371802
3410	31.6376342	0.0371621
3411	31.674797	0.0371243
3412	31.7119216	0.0371124
3413	31.749031	0.0370769
3414	31.7861175	0.0370648
3415	31.8231735	0.0370379
3416	31.8602142	0.037025
3417	31.897232	0.0370075
3418	31.9342422	0.0369931
3419	31.9712371	0.0369859
3420	32.0082244	0.0369695
3421	32.0451965	0.0369734
3422	32.0821609	0.0369547
3423	32.1191253	0.0369522
3424	32.1560745	0.0369493
3425	32.1930236	0.0369305
3426	32.2299575	0.0366412
3427	32.2665939	0.0362842
3428	32.3028869	0.0363099
3429	32.3391952	0.0359686
3430	32.3751525	0.0359769
3431	32.4111328	0.0359876
3432	32.4471282	0.035989
3433	32.4831161	0.0362771
3434	32.5193862	0.036307
3435	32.5556945	0.0365247
3436	32.5922241	0.036476
3437	32.6286926	0.0362616
3438	32.6649551	0.0362047
3439	32.7011642	0.0360193
3440	32.7371826	0.0357606
3441	32.7729415	0.0357195
3442	32.8086624	0.0356548
3443	32.8443145	0.0354501
3444	32.8797683	0.0354526
3445	32.9152221	0.0355735
3446	32.950798	0.0355939
3447	32.9863815	0.0355669
3448	33.0219574	0.0355555
3449	33.057518	0.035521
3450	33.0930328	0.035324
3451	33.1283569	0.035118
3452	33.163475	0.0349932
3453	33.1984634	0.034877
3454	33.233345	0.0345639
3455	33.2679061	0.03438
3456	33.3022842	0.0343652
3457	33.3366546	0.034456
3458	33.3711013	0.0343562
3459	33.4054641	0.0345587
3460	33.4400253	0.0348499
3461	33.4748764	0.0349431
3462	33.5098114	0.0351407
3463	33.5449523	0.035308
3464	33.5802612	0.0351668
3465	33.6154327	0.0353648
3466	33.6507949	0.0357309
3467	33.6865234	0.0357699
3468	33.7222976	0.0361321
3469	33.7584381	0.0366701
3470	33.7951049	0.0366723
3471	33.8317718	0.0367401
3472	33.868515	0.0366535
3473	33.9051666	0.0368249
3474	33.9419937	0.0369459
3475	33.9789352	0.0369998
3476	34.0159378	0.0372843
3477	34.0532226	0.0373011
3478	34.0905227	0.0373666
3479	34.1278839	0.0374154
3480	34.165306	0.0375097
3481	34.2028121	0.037509
3482	34.2403259	0.0375881
3483	34.2779159	0.037533
3484	34.3154449	0.0375015
3485	34.3529434	0.037364
3486	34.3903045	0.0374049
3487	34.4277114	0.0372726
3488	34.464981	0.0373435
3489	34.5023345	0.0372895
3490	34.5396118	0.037342
3491	34.5769653	0.0373618
3492	34.6143264	0.0373434
3493	34.6516647	0.0374451
3494	34.6891174	0.037445
3495	34.7265548	0.0376337
3496	34.7641983	0.0376482
3497	34.8018341	0.0375457
3498	34.8393859	0.0375752
3499	34.8769531	0.0374572
3500	34.9144134	0.0374336
3501	34.9518508	0.0374484
3502	34.9892959	0.0374721
3503	35.0267715	0.0373725
3504	35.0641479	0.0374689
3505	35.1016159	0.0374388
3506	35.1390533	0.0375136
3507	35.176567	0.0376422
3508	35.2142028	0.0377054
3509	35.2519149	0.0376542
3510	35.289566	0.0378566
3511	35.327423	0.0378121
3512	35.3652343	0.0378385
3513	35.4030761	0.0378145
3514	35.4408874	0.0378624
3515	35.4787521	0.0378028
3516	35.5165557	0.0378341
3517	35.5543823	0.0378348
3518	35.5922241	0.0378297
3519	35.6300582	0.0379009
3520	35.6679534	0.0378706
3521	35.7058258	0.037824
3522	35.7436447	0.0378033
3523	35.7814559	0.0377655
3524	35.8192138	0.0377508
3525	35.8569641	0.0377205
3526	35.8946838	0.0376879
3527	35.932373	0.0375679
3528	35.9699478	0.0374913
3529	36.007431	0.0374132
3530	36.0448455	0.0373146
3531	36.0821609	0.0372866
3532	36.1194458	0.0371664
3533	36.1566162	0.0371499
3534	36.1937637	0.0370462
3535	36.230812	0.0370062
3536	36.2678146	0.0369528
3537	36.3047714	0.0368902
3538	36.3416671	0.0368842
3539	36.3785476	0.0368006
3540	36.4153442	0.0368124
3541	36.452156	0.0367358
3542	36.4888916	0.0367234
3543	36.5256118	0.0366939
3544	36.5623168	0.0366591
3545	36.5989761	0.0366728
3546	36.635643	0.0366179
3547	36.6722641	0.0366457
3548	36.708908	0.0365981
3549	36.7455062	0.0366019
3550	36.7821044	0.0365979
3551	36.8187027	0.0365803
3552	36.8552856	0.0366157
3553	36.8919067	0.0365794
3554	36.928482	0.0366134
3555	36.9650955	0.0365978
3556	37.0016937	0.0366091
3557	37.0383071	0.0366345
3558	37.0749359	0.0366258
3559	37.1115646	0.0366863
3560	37.1482467	0.0366626
3561	37.1849136	0.0366991
3562	37.2216033	0.0367188
3563	37.2583236	0.036734
3564	37.2950668	0.036794
3565	37.3318557	0.0367906
3566	37.3686447	0.0368535
3567	37.4055023	0.0368688
3568	37.4423675	0.0369085
3569	37.4792709	0.0369685
3570	37.5162429	0.0369878
3571	37.5532379	0.0370699
3572	37.5903015	0.0370877
3573	37.6273956	0.0370522
3574	37.6644439	0.03705
3575	37.7014923	0.0370565
3576	37.7385559	0.0370292
3577	37.7755737	0.0370715
3578	37.8126525	0.0370298
3579	37.8496856	0.0370538
3580	37.886734	0.0370555
3581	37.9237823	0.0370553
3582	37.9608459	0.0371094
3583	37.9979553	0.0370807
3584	38.0350341	0.0371408
3585	38.072174	0.0371345
3586	38.1093139	0.0371696
3587	38.1464843	0.0372205
3588	38.1837081	0.0372254
3589	38.2209243	0.0373282
3590	38.258255	0.0373136
3591	38.2955627	0.0373887
3592	38.3329544	0.0374385
3593	38.3703918	0.0374168
3594	38.407814	0.0374051
3595	38.4452133	0.0373933
3596	38.4826126	0.0373806
3597	38.5199966	0.0373883
3598	38.557373	0.0373759
3599	38.594757	0.0373972
3600	38.6321563	0.0373655
3601	38.6695175	0.0373081
3602	38.7068252	0.0372615
3603	38.7440872	0.0372114
3604	38.7812957	0.0371655
3605	38.8184661	0.0370971
3606	38.8555679	0.0370299
3607	38.8925933	0.0369502
3608	38.9295425	0.0368873
3609	38.966423	0.0368188
3610	39.0032424	0.0367571
3611	39.0400009	0.0367038
3612	39.0767059	0.0366469
3613	39.1133575	0.036606
3614	39.1499633	0.0365568
3615	39.1865158	0.0365258
3616	39.2230453	0.0364869
3617	39.2595291	0.0364634
3618	39.2959976	0.0364243
3619	39.3324203	0.036411
3620	39.3688278	0.036373
3621	39.4052047	0.0363551
3622	39.4415512	0.036339
3623	39.4778976	0.0363163
3624	39.5142135	0.0363202
3625	39.5505294	0.0362927
3626	39.5868301	0.0363143
3627	39.623146	0.0362821
3628	39.6594314	0.0362985
3629	39.6957321	0.0362828
3630	39.7320022	0.0362928
3631	39.7682876	0.036293
3632	39.8045883	0.0362966
3633	39.8408889	0.0363114
3634	39.8771896	0.0363085
3635	39.9135055	0.0363365
3636	39.9498519	0.0363275
3637	39.9861679	0.0363574
3638	40.0225296	0.0363525
3639	40.058876	0.0363746
3640	40.0952529	0.0363827
3641	40.1316299	0.0363972
3642	40.1680374	0.0364176
3643	40.2044601	0.0364247
3644	40.2408676	0.0364568
3645	40.2773361	0.0364569
3646	40.3137893	0.0364879
3647	40.3502731	0.0364937
3648	40.3867721	0.0365162
3649	40.4232864	0.036535
3650	40.4598312	0.0365494
3651	40.496376	0.036581
3652	40.5329513	0.0365877
3653	40.5695419	0.0366183
3654	40.6061477	0.0366315
3655	40.6427993	0.0366525
3656	40.6794509	0.0366811
3657	40.7161178	0.036693
3658	40.7528152	0.0367233
3659	40.7895431	0.0367402
3660	40.8262863	0.0367592
3661	40.8630447	0.0367947
3662	40.8998336	0.036803
3663	40.9366378	0.0368255
3664	40.9734573	0.0368556
3665	41.0103073	0.0368651
3666	41.0471878	0.036891
3667	41.0840683	0.0369153
3668	41.1209945	0.0369262
3669	41.1579208	0.0369592
3670	41.1948776	0.036974
3671	41.2318496	0.0369906
3672	41.2688522	0.0370362
3673	41.30587	0.0370368
3674	41.3429184	0.0370669
3675	41.3799819	0.0371002
3676	41.4170913	0.0371131
3677	41.4542007	0.0371661
3678	41.4913558	0.0371625
3679	41.5285263	0.0371836
3680	41.5657119	0.0371527
3681	41.6028518	0.0371493
3682	41.640007	0.0371596
3683	41.6771621	0.0371342
3684	41.714302	0.037146
3685	41.7514419	0.0371395
3686	41.7885818	0.0371277
3687	41.8257217	0.0371635
3688	41.8628768	0.0371337
3689	41.9000167	0.0371432
3690	41.9371566	0.0371622
3691	41.9743118	0.0371519
3692	42.0114669	0.0371892
3693	42.0486526	0.0371871
3694	42.0858383	0.0372021
3695	42.1230392	0.0372463
3696	42.1603012	0.0372461
3697	42.1975326	0.0372926
3698	42.2348403	0.0373181
3699	42.2721481	0.0373318
3700	42.3094863	0.0373049
3701	42.3467788	0.037316
3702	42.3841018	0.0373005
3703	42.4214096	0.0373026
3704	42.458702	0.0373192
3705	42.496025	0.0373134
3706	42.5333328	0.0373337
3707	42.570671	0.0373454
3708	42.6080093	0.0373552
3709	42.6453781	0.0373901
3710	42.6827621	0.0373967
3711	42.7201614	0.0374188
3712	42.7575759	0.0374563
3713	42.7950363	0.0374654
3714	42.8325119	0.0374425
3715	42.8699417	0.0374655
3716	42.907402	0.0374214
3717	42.9448318	0.0374198
3718	42.9822464	0.0374161
3719	43.0196609	0.0373926
3720	43.0570602	0.0374165
3721	43.0944747	0.0373822
3722	43.1318588	0.0373838
3723	43.1692428	0.037386
3724	43.2066268	0.0373689
3725	43.2439956	0.0373992
3726	43.2813949	0.0373694
3727	43.3187637	0.0373806
3728	43.3561477	0.0373829
3729	43.3935318	0.0373787
3730	43.4309005	0.037407
3731	43.4683151	0.0373913
3732	43.5056991	0.0374168
3733	43.5431289	0.037416
3734	43.5805282	0.0374296
3735	43.617958	0.0374506
3736	43.6554184	0.037456
3737	43.6928787	0.0374932
3738	43.7303695	0.0374938
3739	43.7678604	0.0375276
3740	43.8053817	0.037541
3741	43.8429184	0.0375696
3742	43.8805007	0.0375958
3743	43.9180984	0.0376224
3744	43.9557113	0.0376575
3745	43.99337	0.037684
3746	44.0310592	0.0377256
3747	44.0687789	0.0377532
3748	44.1065292	0.0378006
3749	44.1443405	0.0378292
3750	44.182167	0.0378835
3751	44.2200546	0.0379123
3752	44.2579574	0.0379437
3753	44.295906	0.0379436
3754	44.3338546	0.0379366
3755	44.371788	0.0379319
3756	44.4097213	0.037932
3757	44.4476547	0.0379246
3758	44.4855728	0.0378838
3759	44.5234603	0.0379223
3760	44.5613784	0.0378653
3761	44.5992507	0.0379238
3762	44.6371688	0.0378886
3763	44.6750564	0.0379056
3764	44.7129592	0.0378594
3765	44.7508316	0.0378251
3766	44.7886428	0.0377651
3767	44.8264083	0.0377493
3768	44.8641586	0.0376792
3769	44.9018478	0.0376505
3770	44.9394912	0.0376039
3771	44.9770889	0.0375613
3772	45.014656	0.0375418
3773	45.0522079	0.0374838
3774	45.0896835	0.0374776
3775	45.1271591	0.0374204
3776	45.1645889	0.0374025
3777	45.2019882	0.0373739
3778	45.2393569	0.0373432
3779	45.2767105	0.0373469
3780	45.3140487	0.0373022
3781	45.3513565	0.0373224
3782	45.3886795	0.0372821
3783	45.4259567	0.0372925
3784	45.4632492	0.0372858
3785	45.5005416	0.0372851
3786	45.5378189	0.0373156
3787	45.5751419	0.037303
3788	45.6124343	0.0373608
3789	45.6497879	0.0373487
3790	45.6871414	0.0373964
3791	45.7245407	0.0374251
3792	45.7619705	0.0374614
3793	45.7994308	0.0375345
3794	45.8369674	0.0375586
3795	45.8745193	0.0376503
3796	45.912178	0.0376908
3797	45.9498672	0.0377701
3798	45.9876327	0.0378602
3799	46.0254898	0.0378656
3800	46.0633621	0.0378482
3801	46.1012039	0.0377361
3802	46.1389389	0.0377487
3803	46.1766891	0.0376761
3804	46.2143631	0.0377259
3805	46.252098	0.0376803
3806	46.289772	0.0377759
3807	46.3275527	0.0377447
3808	46.3652877	0.0378956
3809	46.4031906	0.0378669
3810	46.4410476	0.0380416
3811	46.4790878	0.0380457
3812	46.5171432	0.0381869
3813	46.555336	0.0381551
3814	46.5934829	0.0381628
3815	46.6316604	0.0382232
3816	46.6698684	0.0381819
3817	46.7080612	0.0382617
3818	46.746315	0.0382434
3819	46.7845687	0.0382743
3820	46.8228378	0.0383453
3821	46.8611831	0.0383248
3822	46.8994979	0.0384206
3823	46.9379196	0.0384112
3824	46.9763412	0.0384628
3825	47.0147934	0.0385312
3826	47.0533371	0.0385364
3827	47.0918655	0.0386483
3828	47.130516	0.0386395
3829	47.1691513	0.0387033
3830	47.2078475	0.0386616
3831	47.2465133	0.0386373
3832	47.2851486	0.0386064
3833	47.3237686	0.0385915
3834	47.362358	0.0385789
3835	47.4009323	0.0385638
3836	47.4394912	0.0385606
3837	47.4780502	0.0385526
3838	47.5166091	0.038555
3839	47.5551681	0.038556
3840	47.5937271	0.0385636
3841	47.632286	0.0385254
3842	47.6708145	0.0384596
3843	47.7092819	0.0384382
3844	47.7477035	0.0383738
3845	47.7860794	0.0383671
3846	47.82444	0.0383051
3847	47.8627548	0.0383032
3848	47.9010543	0.0382524
3849	47.9393081	0.0382551
3850	47.9775619	0.0382145
3851	48.0157699	0.0382228
3852	48.0540084	0.0381903
3853	48.0922012	0.0382053
3854	48.1303939	0.0381791
3855	48.1685714	0.0382014
3856	48.2067794	0.0381799
3857	48.2449569	0.0382104
3858	48.2831649	0.0381923
3859	48.3213577	0.0382313
3860	48.3595962	0.0382156
3861	48.3978042	0.0382608
3862	48.436058	0.0382494
3863	48.4743118	0.0382958
3864	48.5126113	0.038293
3865	48.5509109	0.0383395
3866	48.589241	0.0383458
3867	48.6276016	0.038391
3868	48.6659774	0.038407
3869	48.7043991	0.0384494
3870	48.7428512	0.0384757
3871	48.7813186	0.0385135
3872	48.8198318	0.0385507
3873	48.8583755	0.0385784
3874	48.8969497	0.0386089
3875	48.9355697	0.038625
3876	48.9741897	0.0386364
3877	49.012825	0.038642
3878	49.0514755	0.0386619
3879	49.0901413	0.0386712
3880	49.128807	0.0386994
3881	49.1675033	0.0387138
3882	49.2062149	0.0387495
3883	49.2449722	0.0387702
3884	49.2837295	0.0388123
3885	49.3225479	0.0388409
3886	49.3613815	0.0388829
3887	49.4002761	0.0389115
3888	49.4391861	0.0389514
3889	49.4781417	0.0389792
3890	49.5171127	0.0390329
3891	49.5561447	0.0390596
3892	49.5952072	0.0390735
3893	49.6342849	0.0391069
3894	49.6733779	0.0390927
3895	49.7124862	0.0391272
3896	49.7516098	0.0391315
3897	49.7907333	0.0391013
3898	49.8298416	0.0390312
3899	49.8688736	0.0390147
3900	49.9078903	0.0389511
3901	49.9468307	0.0388995
3902	49.9857406	0.0389042
3903	50.0246505	0.0388285
3904	50.0634689	0.0388017
3905	50.102272	0.0388074
3906	50.1410751	0.0387436
3907	50.1798172	0.0387481
3908	50.2185745	0.0387368
3909	50.2573013	0.0387078
3910	50.2960128	0.03875
3911	50.3347702	0.0387196
3912	50.3734817	0.0387258
3913	50.4122085	0.0386738
3914	50.4508895	0.0386689
3915	50.4895553	0.03865
3916	50.5282058	0.0386025
3917	50.5668106	0.0386535
3918	50.6054611	0.0385852
3919	50.6440506	0.0385942
3920	50.68264	0.0386162
3921	50.72126	0.0385858
3922	50.7598495	0.038554
3923	50.7983932	0.0384889
3924	50.8368911	0.0384727
3925	50.8753585	0.0384017
3926	50.9137496	0.0383759
3927	50.9521408	0.0383333
3928	50.9904708	0.0383002
3929	51.0287704	0.0382807
3930	51.0670394	0.0382426
3931	51.1052932	0.0382418
3932	51.1435318	0.0382003
3933	51.1817398	0.0381987
3934	51.2199325	0.0381712
3935	51.25811	0.0381654
3936	51.296257	0.0381537
3937	51.3344192	0.0381449
3938	51.3725662	0.0381469
3939	51.4107131	0.0381358
3940	51.4488449	0.0381505
3941	51.4869918	0.0381374
3942	51.5251388	0.0381617
3943	51.563301	0.0381494
3944	51.601448	0.0381712
3945	51.6396102	0.0381719
3946	51.6777877	0.0381914
3947	51.7159805	0.038205
3948	51.7541885	0.0382224
3949	51.7924118	0.0382488
3950	51.8306503	0.0382644
3951	51.8689193	0.0383033
3952	51.9072189	0.0383179
3953	51.945549	0.0383684
3954	51.9839096	0.0383829
3955	52.0223007	0.0384329
3956	52.0607223	0.0384596
3957	52.0991897	0.0385085
3958	52.1376876	0.0385479
3959	52.1762466	0.0385966
3960	52.2148513	0.0386478
3961	52.2534866	0.0386314
3962	52.2921218	0.0386159
3963	52.3307418	0.038584
3964	52.3693313	0.0385537
3965	52.407875	0.0385543
3966	52.4464187	0.0385088
3967	52.4849319	0.0385024
3968	52.5234298	0.038481
3969	52.5619277	0.038462
3970	52.6003799	0.03847
3971	52.6388473	0.0384387
3972	52.6772995	0.0384595
3973	52.7157516	0.0384313
3974	52.7541885	0.0384357
3975	52.7926101	0.0384378
3976	52.831047	0.0384235
3977	52.8694686	0.0384487
3978	52.9079208	0.0384212
3979	52.9463424	0.0384234
3980	52.9847793	0.0384274
3981	53.0232009	0.038406
3982	53.0616073	0.0384238
3983	53.1000289	0.0383956
3984	53.1384201	0.0383886
3985	53.1768112	0.0383911
3986	53.2152023	0.0383568
3987	53.2535629	0.0383533
3988	53.2919082	0.0383269
3989	53.3302383	0.0382904
3990	53.3685379	0.0382776
3991	53.4068069	0.0382264
3992	53.4450302	0.0381841
3993	53.4832229	0.0381629
3994	53.5213851	0.0380897
3995	53.5594711	0.038064
3996	53.5975418	0.0379987
3997	53.6355361	0.0379502
3998	53.6734848	0.0379143
3999	53.7114028	0.0378431
4000	53.7492446	0.03784
4001	53.7870864	0.0377459
4002	53.8248214	0.037725
4003	53.8625564	0.0376625
4004	53.9002151	0.0376224
4005	53.937828	0.0375968
4006	53.9754409	0.0375369
4007	54.0129776	0.0375529
4008	54.0505294	0.0374722
4009	54.0879898	0.0374715
4010	54.1254653	0.0374323
4011	54.1629104	0.0374094
4012	54.2003097	0.0374207
4013	54.2377395	0.0373727
4014	54.2751083	0.0373934
4015	54.3124923	0.0373643
4016	54.3498611	0.0373542
4017	54.3872146	0.0373866
4018	54.4245986	0.0373418
4019	54.4619522	0.0373549
4020	54.4992904	0.0373433
4021	54.5366439	0.0373334
4022	54.5739822	0.03729
4023	54.6112594	0.0372981
4024	54.6485672	0.037266
4025	54.6858291	0.0372329
4026	54.7230606	0.0372758
4027	54.7603378	0.037196
4028	54.7975387	0.0372382
4029	54.8347702	0.037191
4030	54.8719711	0.0371911
4031	54.9091568	0.0372211
4032	54.9463729	0.0371715
4033	54.9835434	0.0372524
4034	55.0208053	0.0371814
4035	55.057991	0.0372153
4036	55.0951919	0.0372219
4037	55.1324081	0.0372012
4038	55.169609	0.0372938
4039	55.2069168	0.0372116
4040	55.2441177	0.0372794
4041	55.2814102	0.0372477
4042	55.3186569	0.037261
4043	55.3559188	0.0373112
4044	55.3932266	0.0372658
4045	55.4304885	0.0373741
4046	55.4678573	0.0372972
4047	55.5051651	0.0373565
4048	55.5425186	0.0373592
4049	55.5798721	0.0373676
4050	55.6172409	0.0373807
4051	55.6546249	0.037376
4052	55.6920089	0.0374087
4053	55.7294082	0.0373617
4054	55.766777	0.0374244
4055	55.8041915	0.037397
4056	55.8415908	0.0374329
4057	55.8790206	0.037486
4058	55.9165115	0.0374937
4059	55.9540023	0.0376319
4060	55.9916305	0.0376102
4061	56.0292434	0.0377156
4062	56.0669631	0.0377506
4063	56.1047134	0.0377633
4064	56.1424789	0.0378384
4065	56.1803207	0.037832
4066	56.2181472	0.0379467
4067	56.2560958	0.0379256
4068	56.2940292	0.038066
4069	56.3320846	0.0380425
4070	56.3701248	0.0380692
4071	56.4081954	0.0379611
4072	56.4461593	0.0380157
4073	56.484169	0.0379385
4074	56.5221176	0.038017
4075	56.5601272	0.0379795
4076	56.5981216	0.0380608
4077	56.636177	0.037963
4078	56.6741409	0.037948
4079	56.7120895	0.0378836
4080	56.7499618	0.0378808
4081	56.7878494	0.0377924
4082	56.8256301	0.0378292
4083	56.8634719	0.0377527
4084	56.9012222	0.0377725
4085	56.9389877	0.0377704
4086	56.9767684	0.0376551
4087	57.0144119	0.0375012
4088	57.051918	0.037601
4089	57.0895309	0.0373268
4090	57.1268386	0.037345
4091	57.1641922	0.0372672
4092	57.2014541	0.037168
4093	57.2386245	0.0373186
4094	57.2759475	0.0371292
4095	57.3130722	0.0372425
4096	57.3503189	0.0372264
4097	57.3875503	0.0372589
4098	57.424797	0.0373879
4099	57.4621963	0.0373527
4100	57.4995498	0.0375388
4101	57.5370864	0.0374156
4102	57.574501	0.0375971
4103	57.6120986	0.0376477
4104	57.6497421	0.0376271
4105	57.6873703	0.0376095
4106	57.7249679	0.0374362
4107	57.762413	0.0375322
4108	57.7999496	0.0373926
4109	57.8373489	0.0373666
4110	57.8747024	0.0372746
4111	57.9119796	0.0372709
4112	57.9492569	0.0371795
4113	57.9864273	0.0372898
4114	58.0237197	0.0372554
4115	58.0609817	0.037366
4116	58.0983505	0.0374854
4117	58.1358261	0.0376283
4118	58.1734542	0.0378505
4119	58.2113113	0.0380598
4120	58.2493667	0.0381234
4121	58.2874984	0.0379799
4122	58.3254776	0.0378817
4123	58.3633499	0.0377621
4124	58.4011154	0.0376358
4125	58.4387588	0.0377968
4126	58.4765396	0.0376618
4127	58.5141983	0.0378629
4128	58.5520706	0.0379453
4129	58.5900192	0.0378496
4130	58.627861	0.0379267
4131	58.6657943	0.0378742
4132	58.7036666	0.0379396
4133	58.7416	0.0379424
4134	58.7795486	0.0379913
4135	58.817543	0.0380542
4136	58.8555984	0.0380725
4137	58.8936691	0.0381436
4138	58.9318161	0.0381462
4139	58.9699478	0.0380981
4140	59.008049	0.0381186
4141	59.0461807	0.0380362
4142	59.0842208	0.0380631
4143	59.1222763	0.0380049
4144	59.1602706	0.0380178
4145	59.1982955	0.0380165
4146	59.2363204	0.038018
4147	59.2743301	0.0380621
4148	59.3124008	0.0380596
4149	59.3504562	0.0381275
4150	59.3885726	0.0381253
4151	59.4267044	0.0381134
4152	59.4648208	0.0380481
4153	59.502861	0.0380475
4154	59.5409164	0.0379706
4155	59.5788803	0.037988
4156	59.6168746	0.0379129
4157	59.6547775	0.0379112
4158	59.6926956	0.0379002
4159	59.7305984	0.0378722
4160	59.7684707	0.0379132
4161	59.8063888	0.0378828
4162	59.8442611	0.0378431
4163	59.8821029	0.0377285
4164	59.9198379	0.0377115
4165	59.9575424	0.0375928
4166	59.99514	0.0375648
4167	60.0327072	0.037524
4168	60.0702285	0.0374744
4169	60.1077041	0.0375276
4170	60.1452407	0.0374469
4171	60.1826705	0.0375447
4172	60.2202224	0.0374249
4173	60.257637	0.0373473
4174	60.2949905	0.0372205
4175	60.3322219	0.037138
4176	60.3693618	0.0370099
4177	60.4063644	0.0369536
4178	60.4433212	0.0367856
4179	60.4801101	0.0366945
4180	60.5167923	0.0366048
4181	60.5533981	0.0364752
4182	60.5898819	0.0364797
4183	60.6263504	0.0363039
4184	60.6626663	0.0363448
4185	60.6989975	0.0361934
4186	60.7351913	0.036203
4187	60.7714004	0.0361796
4188	60.807579	0.0361257
4189	60.8437118	0.0362656
4190	60.8799819	0.0361582
4191	60.91613	0.0360668
4192	60.9522018	0.0361314
4193	60.9883346	0.0359516
4194	61.0242843	0.0359784
4195	61.0602645	0.0359262
4196	61.0961837	0.0358985
4197	61.1320877	0.0360137
4198	61.1680984	0.035906
4199	61.2040023	0.0359311
4200	61.2399368	0.0359786
4201	61.275917	0.0358316
4202	61.3117446	0.0359872
4203	61.3477401	0.0358645
4204	61.3835983	0.0357831
4205	61.4193801	0.0357801
4206	61.455162	0.0355621
4207	61.4907302	0.0355823
4208	61.5262985	0.0354177
4209	61.5617294	0.0354382
4210	61.5971603	0.0354677
4211	61.6326217	0.0353341
4212	61.6679611	0.0353046
4213	61.7032699	0.0350711
4214	61.7383346	0.0350744
4215	61.7734146	0.0349145
4216	61.8083267	0.0348386
4217	61.8431625	0.0348921
4218	61.8780593	0.0347547
4219	61.9128189	0.0349993
4220	61.9478073	0.0348645
4221	61.9826736	0.0348688
4222	62.0175399	0.0349934
4223	62.0525283	0.0347081
4224	62.0872421	0.0349047
4225	62.1221542	0.034591
4226	62.1567459	0.0346866
4227	62.1914291	0.0346128
4228	62.2260513	0.0345674
4229	62.2605972	0.0348309
4230	62.2954483	0.0346018
4231	62.3300399	0.0349749
4232	62.3650131	0.0348111
4233	62.3998184	0.0349049
4234	62.4347305	0.035077
4235	62.4698104	0.0347918
4236	62.5046005	0.035171
4237	62.539772	0.034748
4238	62.5745315	0.0350375
4239	62.6095504	0.0348524
4240	62.6444168	0.0349576
4241	62.6793594	0.0350946
4242	62.7144699	0.0349938
4243	62.7494583	0.0354325
4244	62.7848892	0.0351219
4245	62.8200149	0.0353296
4246	62.855339	0.0353091
4247	62.8906478	0.0352717
4248	62.9259262	0.0355396
4249	62.9614639	0.0353204
4250	62.996788	0.0354081
4251	63.0321884	0.0354027
4252	63.0675888	0.0353093
4253	63.1028976	0.0354797
4254	63.1383895	0.035309
4255	63.1736984	0.0353242
4256	63.2090072	0.0353987
4257	63.2444076	0.0352689
4258	63.2796859	0.0353386
4259	63.3150253	0.0352866
4260	63.3503036	0.0352315
4261	63.3855361	0.035362
4262	63.420906	0.0352209
4263	63.4561233	0.0354467
4264	63.4915695	0.0352938
4265	63.5268631	0.0354047
4266	63.5622634	0.0354355
4267	63.5977096	0.0354394
4268	63.6331405	0.0356313
4269	63.6687698	0.0355373
4270	63.7043075	0.0358139
4271	63.7401199	0.0356846
4272	63.7758102	0.0358896
4273	63.8116989	0.0358714
4274	63.8475723	0.0359859
4275	63.8835525	0.0360913
4276	63.9196395	0.0361188
4277	63.9557571	0.036162
4278	63.9919204	0.0361265
4279	64.0280532	0.0362553
4280	64.0643081	0.036164
4281	64.1004715	0.036312
4282	64.1367874	0.0362488
4283	64.173027	0.0363813
4284	64.2094192	0.03639
4285	64.2458114	0.0364114
4286	64.2822189	0.0364385
4287	64.3186569	0.0364246
4288	64.3550796	0.0364425
4289	64.3915176	0.0364256
4290	64.4279403	0.0364725
4291	64.4644241	0.0364429
4292	64.5008621	0.0364496
4293	64.5373153	0.0364613
4294	64.5737686	0.0364472
4295	64.6102218	0.0365089
4296	64.6467361	0.0364531
4297	64.6831893	0.0364681
4298	64.7196579	0.0364918
4299	64.7561416	0.0364609
4300	64.7926101	0.0365302
4301	64.8291397	0.036489
4302	64.8656234	0.0365105
4303	64.9021377	0.0365528
4304	64.9386825	0.0365285
4305	64.9752121	0.0366317
4306	65.0118484	0.0365836
4307	65.048439	0.036607
4308	65.0850296	0.0366731
4309	65.1217117	0.036648
4310	65.158348	0.0367442
4311	65.1951065	0.0367506
4312	65.2318496	0.0367877
4313	65.2686386	0.0368506
4314	65.3054885	0.0368813
4315	65.342369	0.0369749
4316	65.3793411	0.0369501
4317	65.4162979	0.0370402
4318	65.4533309	0.0370371
4319	65.4903793	0.0370219
4320	65.5273971	0.037018
4321	65.5644149	0.0369929
4322	65.6014022	0.0370245
4323	65.6384353	0.0369897
4324	65.6754226	0.0370558
4325	65.712471	0.0370118
4326	65.7494888	0.0371099
4327	65.7865982	0.037058
4328	65.8236618	0.037178
4329	65.8608322	0.0371269
4330	65.8979721	0.0372464
4331	65.9352035	0.0372174
4332	65.9724197	0.0372522
4333	66.0096817	0.0373181
4334	66.0469894	0.0373003
4335	66.0842971	0.037344
4336	66.1216506	0.0371
4337	66.1587448	0.0370357
4338	66.1957778	0.036909
4339	66.2326889	0.0368243
4340	66.2695083	0.0368051
4341	66.3063125	0.0366406
4342	66.3429489	0.0365816
4343	66.3795394	0.0365191
4344	66.4160537	0.0364315
4345	66.4524917	0.0364579
4346	66.488945	0.0363508
4347	66.5252914	0.0364497
4348	66.5617446	0.0363318
4349	66.5980758	0.036422
4350	66.6344986	0.0363673
4351	66.6708602	0.0364411
4352	66.7072982	0.0364535
4353	66.7437667	0.0365272
4354	66.7802963	0.0365868
4355	66.8168716	0.0366694
4356	66.8535385	0.0367589
4357	66.8903121	0.0368499
4358	66.9271621	0.0369544
4359	66.9641037	0.0370462
4360	67.001152	0.0371464
4361	67.0383071	0.0372177
4362	67.0755081	0.0372516
4363	67.11277	0.0370731
4364	67.1498489	0.0369756
4365	67.1868209	0.0369816
4366	67.2238082	0.0368619
4367	67.2606582	0.0368865
4368	67.297554	0.0368825
4369	67.3344345	0.0369238
4370	67.3713607	0.0368999
4371	67.4082565	0.0368504
4372	67.4451065	0.0369375
4373	67.482048	0.0367093
4374	67.5187606	0.0368516
4375	67.5556106	0.0367637
4376	67.592369	0.0367082
4377	67.6290817	0.0370145
4378	67.6660995	0.0367933
4379	67.7028884	0.0369096
4380	67.7397995	0.0371135
4381	67.7769088	0.0370527
4382	67.8139572	0.0371692
4383	67.8511276	0.0371887
4384	67.8883132	0.0371665
4385	67.9254837	0.0371808
4386	67.9626693	0.0371898
4387	67.999855	0.0371757
4388	68.0370407	0.037193
4389	68.0742263	0.0372
4390	68.1114273	0.0371698
4391	68.1485977	0.0371816
4392	68.1857681	0.0371355
4393	68.222908	0.037125
4394	68.2600326	0.0371121
4395	68.297142	0.0370728
4396	68.3342208	0.0370976
4397	68.371315	0.0370241
4398	68.408348	0.0370903
4399	68.4454422	0.0369789
4400	68.4824142	0.0370404
4401	68.5194473	0.0369377
4402	68.5563888	0.0369658
4403	68.5933609	0.0369011
4404	68.6302566	0.0369012
4405	68.6671524	0.0368702
4406	68.7040176	0.03685
4407	68.7408676	0.0368458
4408	68.7777175	0.0368151
4409	68.814537	0.0368287
4410	68.8513717	0.0367986
4411	68.8881607	0.0368199
4412	68.9249801	0.0368024
4413	68.9617843	0.0368215
4414	68.998619	0.0368284
4415	69.0354385	0.036749
4416	69.0721817	0.0367433
4417	69.1089401	0.0366074
4418	69.1455307	0.0366308
4419	69.182167	0.0364802
4420	69.2186508	0.036546
4421	69.2551956	0.0363716
4422	69.2915573	0.0364906
4423	69.3280563	0.0362854
4424	69.3643417	0.036398
4425	69.4007492	0.0362251
4426	69.4369583	0.0363021
4427	69.4732589	0.0361933
4428	69.509468	0.0362255
4429	69.5456771	0.0361918
4430	69.581871	0.0361702
4431	69.6180496	0.0362211
4432	69.6542739	0.0361373
4433	69.6904068	0.0362804